(((0, ((0, 0), ((2, 255), 0))),
 ((0, ((0, 1), ((2, 0), 0))),
 ((0, ((0, 2), ((2, 255), 0))),
 ((1, ((0, 2), 0)),
 ((12, (7, ((1, 2), ((0, 0), 0)))),
 ((0, ((0, 0), ((1, 2), 0))),
 ((0, ((0, 1), ((0, 2), 0))),
 ((10, (3, ((0, 2), ((2, 3), 0)))),
 ((0, ((0, 0), ((0, 1), 0))),
 ((13, (0, 0)), ((13, (3, 0)),
 ((13, (6, 0)), ((1, ((1, 1), 0)),
 ((14, 0), 0)))))))))))))),
 (((0, ((0, 0), ((2, 255), 0))),
  ((0, ((0, 1), ((2, 0), 0))),
  ((0, ((0, 2), ((2, 255), 0))),
  ((1, ((0, 2), 0)),
  ((12, (7, ((1, 2), ((0, 0), 0)))),
  ((0, ((0, 0), ((1, 2), 0))),
  ((0, ((0, 1), ((0, 2), 0))),
  ((10, (3, ((0, 2), ((2, 3), 0)))),
  ((0, ((0, 0), ((0, 1), 0))),
  ((13, (0, 0)),
  ((13, (3, 0)),
  ((13, (6, 0)),
  ((1, ((1, 1), 0)),
  ((14, 0), 0)))))))))))))),
  (((0, ((0, 0), ((2, 255), 0))),
   ((0, ((0, 1), ((2, 0), 0))),
   ((0, ((0, 2), ((2, 255), 0))),
   ((1, ((0, 2), 0)),
   ((12, (7, ((1, 2), ((0, 0), 0)))),
   ((0, ((0, 0), ((1, 2), 0))),
   ((0, ((0, 1), ((0, 2), 0))),
   ((10, (3, ((0, 2), ((2, 3), 0)))),
   ((0, ((0, 0), ((0, 1), 0))),
   ((13, (0, 0)),
   ((13, (3, 0)),
   ((13, (6, 0)),
   ((1, ((1, 1), 0)),
   ((14, 0), 0)))))))))))))),
   (((0, ((0, 0), ((2, 255), 0))),
    ((0, ((0, 1), ((2, 0), 0))),
    ((0, ((0, 2), ((2, 255), 0))),
    ((1, ((0, 2), 0)),
    ((12, (7, ((1, 2), ((0, 0), 0)))),
    ((0, ((0, 0), ((1, 2), 0))),
    ((0, ((0, 1), ((0, 2), 0))),
    ((10, (3, ((0, 2), ((2, 3), 0)))),
    ((0, ((0, 0), ((0, 1), 0))),
    ((13, (0, 0)),
    ((13, (3, 0)),
    ((13, (6, 0)),
    ((1, ((1, 1), 0)),
    ((14, 0), 0)))))))))))))), 0))))
